12055053
9831546
24131617
9514039
23434727
23434818
23434819
24112656
23437242
9646524
9695168
12003762
12003757
24086524
9695175
12002472
23454108
24084758
23457607
11999793
9758107
23461877
9817078
24072527
9871886
11829397
11101537
8896724
8584917
11068924
11068923
24051894
24049161
8821363
11055628
11032135
11032134
23517909
24041567
8833776
8833777
8781377
23542681
8781402
10901333
24030503
8793361
23552989
24023932
23555630
10845782
24022669
24021707
10807040
8677427
23565277
24013868
8680832
10706533
8876800
10576099
23601780
10535124
23602893
23608001
23979675
23623596
23967108
23624243
23942273
23632126
8959409
23939041
8885424
8931347
10361026
23928038
10361024
23658832
10350189
10231987
10210688
10092429
23673461
9496652
9118918
23906969
23676266
23896418
23683354
9012374
9043145
23886440
8472655
8603658
23873073
8472658
8603654
23873071
23714150
23870093
7717362
8472664
8472672
23850586
23845936
23838041
23776476
23831543
23777640
8202951
23825166
8016638
23792557
8162883
23799061
23811414
7516623
8191275
8328001
9719671
8212053
8235573
22959488
11445515
11445518
22968348
17215020
11514106
22999706
11544170
23291477
22999890
23272997
23010224
23014924
23220757
16162313
11641007
11641041
16093927
23220138
16093295
23088855
16010197
23178840
23149275
22901427
11683589
15979720
24472648
23128055
11695630
11712593
11712595
15927178
15833240
23151773
24380822
23154064
11725347
23164520
24373737
24368508
15743726
11759161
23196407
23201820
15721879
23204289
11771928
15713328
24345328
15664440
15639267
15613949
23250196
9438048
24296133
15575555
24292950
23261793
24291653
23261794
9456085
23276485
9515061
15364595
23290941
24278238
15331262
9560354
23312110
9593624
15289161
23321147
9617382
9617389
24267793
9618352
23321857
24263140
9485480
23322787
24260455
15220070
9600801
23333083
15175172
23333758
24246239
15121520
24238303
9600810
9600811
24236202
15091293
24231411
24225723
23349674
22901373
24213019
14769642
14754576
9676702
9681980
14664859
14659948
23394848
9728641
24184045
24184043
9787848
23410587
24169876
23411084
12387304
23416249
24161446
9828296
12222782
24161445
9828301
12222612
12176088
24154821
9828307
12173541
24149084
12963403
14501272
20004003
19945738
21111447
22237700
14594622
19888312
21094490
14594632
22334237
19878931
19854248
14644662
21074246
14644672
14652304
22420473
12493183
22433121
22470285
19608217
12523955
22502665
12526896
19573893
19573251
22536276
12553183
20934951
12559694
20923744
22579118
12661181
19515364
22579217
20889376
12661183
12663187
22582496
19452922
20870568
22619491
20843552
19419713
12738198
19394668
20714930
19351571
22713347
22713597
12738208
12785511
19252989
12849688
22821556
19178930
19155055
23872245
18079760
11226969
23850662
23841501
11227634
17976230
23827356
23016600
11266324
23792252
17850849
11266329
23787105
23044994
11286209
23077794
17687453
11286218
11305339
11305341
17612154
11323784
23715108
17589597
11327389
23680090
23639909
23639907
22359069
17490710
23639905
23621775
17481698
11372882
11372885
22494935
23582134
17450237
23562690
11376862
23562682
22704486
23538138
22739680
22748699
11386738
23523729
22771078
23506159
22791114
23500399
22851195
11419597
23461267
11419761
11437459
19648214
22391508
17140638
17157358
17158471
21413794
12515690
20619876
21315328
12605940
12621898
20354564
22652009
22317810
17497535
17099323
17079692