23462689
20085967
17431484
12606884
21136288
19724304
16789478
16451872
24388947
21880351
19079720
24244522
8472651
18367234
12606883
9756677
15935445
19322109
18721920
20643180
23209747
24299613
18223484
19286175
12854693
18155643
21094982
16581546
21385672
16237608
18054906
21764049
11763269
23104246
21543284
18059423
23220016
22280926
21156396
22811372
23967289
17196584
23563048
21834789
22328999
15788176
21349512
20576509
20825977
16819093
19046759
20225071
23140988
17949707
16759990
23341975
20967668
21030303
18301177
23185960
10811564
15984568
19095051
20952069
19588843
21975279
24103349
23955327
22027556
22929885
9600809
23613120
17616866
14615240
17007123
16289653
23771435
12865048
18203562
19664822
19057699
21735299
16531839
14569190
18291442
21280550
12782496
17997470
23451395
23806787
8834557
22487273
19834688
24069382
8132394
23344212
23891700
21878423
21591615
18522136
18442847
9800169
17706633
17720214
24091246
16607191
8892547
23086577
16122889
20026811
22153485
16477255
22440634
17310727
18461092
22819225
21517066
15261784
10379006
18996595
23715085
17976571
22841879
22702810
21681534
21700311
21334069
17952775
19337521
23419587
23397648
21831409
20145679
18709160
19031918
16675415
20664651
20352183
17068093
8272840
24200047
15688249
23314038
17668011
18545098
14594630
20655095
16006699
21166449
22208758
24143234
24161381
9270957
23727995
23149244
12505429
18814871
12700372
16242177
23131992
18334266
12153757
12727603
22227745
8452913
8287837
15880732
23419586
23674482
23041474
16675436
12526903
19066620
24267794
8344237
22841050
19914269
9349834
12842770
18986677
20502492
22805988
19536077
18076491
23827660
23712120
23903878
17642286
24021746
24140686
23123113
21477864
23491025
21043267
20042876
21099058
12768608
21684541
20604953
22710199
19221698
22212125
23291099
16406051
18387653
14527848
18996566
23428083
18335095
23410801
22494934
16405952
22148395
11226975
8919771
22154536
16006502
7743140
17341883
23982120
22990472
23468847
23973506
23109188
23089109
23988746
14507607
23359393
20599247
15687060
14644671
16141254
18368010
18605568
18386150
21380739
12483796
18606435
19345979
19847775
18716607
11286210
17179760
18579321
23333656
21228696
23321862
18505016
21211794
22364891
23684997
18207242
20870567
24273087
19165395
9618349
22788375
21435683
16912696
18942663
23044211
16759981
23729683
19945215
22306369
17952782
23419425
21989501
23429406
16914134
18470314
20547570
23954552
24312680
9025319
16451855
18000415
12822138
23026800
21235202
23360585
18774129
20627202
16190217
12494421
11453672
22000598
16750558
17035135
16788681
9375352
8560242
23443238
12573899
18556043
19240759
22298308
24218031
20362649
18396099
18950754
21450074
15155698
18977510
9606945
12872532
19909946
21272915
22425939
20522851
24012249
16386779
16201670
18300696
14615065
9222136
20236705
19294522
15937043
21429861
12676628
22494936
18288314
11323790
16675416
20445486
16835595
16507472
23211349
9408525
22911659
18221770
22428786
22402458
17157893
19914913
20571527
16675437
18262466
20734633
15687061
15325872
23198808
21668991
16019833
21652291
15995852
20692312
17450232
18718631
16966100
9828308
18592389
15932002
21900077
15603927
21364465
14502761
18155751
16357597
21277613
16979759
9600802
21684578
16487958
21665566
11763262
23969500
16751260
20851676
23446885
20368132
23073482
22547080
12842782
23626820
8820589
12971686
8010298
8319648
8516784
8344236
16263507
18522133
20045663
18054180
23149188
23222514
12055051
21958682
16904732
17637930
17490975
24002489
19544851
18406548
7503052
16451866
16298419
20579427
8956525
23707562
12738202
18036639
17520055
16466768
24007617
18948060
22990023
15750585
19401722
16451871
21971379
10845780
8272826
18285840
19079712
16524957
18405942
9758123
22197512
9851067
18155748
11800429
20851675
15238288
21118784
18712485
21709135
22744224
12568770
16226244
18841167
23351485
9839746
23472608
15772434
16731038
12854697
16897532
23755886
18396311
22153877
21238956
16621216
23410534
23892225
8460627
22819887
9101036
9730025
23312845
20581419
20609475
11032133
9408526
12798092
22079861
23337242
18632132
9787849
23299300
11372817
24007675
18288317
19440506
17011099
23803502
23695491
15916795
21147604
20190647
23942393
12782498
23390064
12505271
18335104
17689919
7713021
18692119
15967215
12676596
23383031
22805986
12915779
22975224
9408529
18584852
20136739
16843453
20411344
16198333
16581550
24091254
22578698
17767927
17952781
19910093
22104337
9676698
24138783
10210691
21300397
19432349
16221471
20825993
24120902
20226805
11161656
17490727
11382185
19201452
14501278
24361923
16878041
9599715
23092936
16503301
23164649
11285879
18063018
21310403
23262415
16970977
17392689
17475235
24188412
8404772
14761695
21794897
19882742
17853790
19318505
22591993
16959301
22088798
21732675
23341986
16871749
16226300
11675627
15531443
23792085
16650462
17035134
16643989
15992592
16243719
24252884
21827977
17935758
15751301
12483799
19092495
9118912
17426526
16289232
11513126
22551874
22001220
12731829
20092875
21429583
20010975
19344539
19057389
21439564
18614165
18709165
19214396
12628317
24149971
17631290
20104829
15743710
17900556
17207842
16154195
20452672
9600799
16530805
21396635
15575556
19841129
16830536
21652290
17011234
21810552
17079016
21450346
23591697
20970783
8020445
23108212
23804516
21873601
20879709
23025715
16357589
22189045
16470549
19956573
20049213
18411489
23991003
15985279
23747553
16203250
15773463
21663933
16764930
21299859
24386277
7801110
18350916
21495631
15740776
10433839
18474391
19117555
23528233
8901898
17728315
18321630
23778234
20010977
12505434
20190657
8472657
23623715
9756680
18479682
18247381
16755266
12606891
17387503
21835399
11673127
17952783
21507392
19943677
23932849
18054417
8885426
16209032
22788373
23667484
9417766
12666907
22352724
21211167
18585755
24080458
17274811
9681978
12699925
16904734
10504150
18843480
23797055
15345348
22008795
22528772
22434113
18091421
15794269
16832229
9637796
9430264
20216575
22892973
17365576
22233731
23095162
23253114
23558351
24359709
23201819
21270648
17514475
15471098
9661274
23706479
18790520
18160342
21708397
16360767
21167603
18414628
21492904
18289758
12505432
8250059
22205147
23685225
12586165
20864175
22327115
22921714
12018020
23030654
22171573
23093101
23994839
16045905
21035168
15220072
22216326
22193621
8079150
20010213
20677430
19057709
18432065
18722600
17431487
18288318
22001219
8472680
21428767
23982121
21893441
22750175
18455331
19251754
19635583
19004467
17396645
8837686
17589596
21507778
23989198
22000783
22856628
16242275
16669337
20467200
23168567
11338316
8472646
11920962
9618928
17187776
16962662
21250458
9830606
18006963
19669837
20663737
9467117
17721780
11327385
8585521
21962568
21147027
21343184
23266098
23676269
22579491
8863203
20717540
12515686
20451954
16503299
16832227
15915148
18990931
23383038
24034784
18684505
21783225
24036610
18629311
9860910
16393669
22544599
22248521
23463943
23665067
18313660
15496537
21764134
15935820
16882519
17870667
21382456
16570094
18941586
23668419
9189708
21684540
18300714
16835049
18629320
19665170
15142763
20646756
8701301
21601843
9451808
16188251
18678409
17727920
18053222
16201626
23874772
16966957
18941581
22888201
16773124
18834980
8920741
21507777
22446112
9520360
12666917
23522615
21176966
19057701
21106438
9593629
16546516
24112654
9118922
12842773
17695931
21878420
8143594
23777259
17805232
21856002
22749212
20673887
18470296
21664693
18666137
22781438
19683226
24273228
17374370
23770546
19645754
20694886
15967205
16675430
21855147
19464677
9756676
15167394
20939531
17284320
24064531
16580705
20628443
24246240
15979066
18635574
24012047
21343954
21549173
24312375
22676249
18497172
21371937
19569352
17107861
23911340
21696718
22000243
16882524
22051344
16263227
18941588
22747749
16393654
22760436
21493178
23201779
18470317
18496790
19211131
15859174
23877047
19544135
9222137
9118911
9750944
17695107
23687008
23504692
19394271
18632136
22383894
9118917
22539560
9514044
22425897
9699805
18335105
8116602
23026348
14502769
15579424
21663902
12453730
7588480
22429533
24066077
21789535
21622083
12708229
22572116
8793351
23680941
21491629
20502494
22014893
17688949
22815906
22917110
16146641
19337510
18054997
21262595
21925656
16766928
21925580
18470283
12796040
9753792
22271837
19027927
8213753
19095289
15901881
19057697
17029725
23995105
12191870
19101019
18957992
24013020
23026005
9630441
19732823
17980657
22044925
18091001
22949133
20805003
9311544
21719372
12963402
7874464
12573908
24076757
14527842
10371050
11148012
15220067
16451870
16687164
23597019
16507454
19686543
23899777
16675426
15820720
22208759
23220142
24280566
20077203
21871619
12672681
12568769
22142875
15471731
22705433
20478760
19041118
16454009
23204083
16904728
18304638
23428635
16780830
24112965
15886893
18313043
9525047
23102093
23469200
20049129
23816546
19192804
23404680
21524785
24184749
21782213
21699966
24388279
22104335
18560490
9871889
18395199
22747713
20619443
18795175
15649622
23665909
20226530
24368293
23010619
21332198
17517389
21458841
18558423
12515682
16451858
22030286
21494835
8275988
21575207
23222554
18829066
23021612
9600804
16337848
17182278
15726396
21659350
23484460
23336193
21915154
21147601
22325434
16082939
9860916
17854796
22085025
16581535
20521814
23850144
12822130
22995643
8560241
19440509
11382183
18804865
17762840
18599176
23867847
19903566
17589600
24280682
20329534
20406270
22024094
23892227
17431310
21571050
24289933
16480710
12798090
9755142
12738201
11351713
18054904
22472124
17897716
22173199
17299530
22960060
16203254
15289166
18951135
24275543
18565792
22386683
24080003
15533338
23376522
19079717
16214298
19948620
15875888
12003754
21093857
11335178
20128903
24075917
15803273
15682249
23757598
11563645
23181746
18288324
18406445
23757600
21178101
20446689
16076725
18351120
19961376
18188085
19079716
16622139
15820722
18405124
24368509
23017269
20019900
23694812
9599723
16203251
18714061
17120552
23232970
18606400
18378311
15930590
11718958
11833293
21501672
20441148
20134347
16729996
22187854
20466048
23856467
9118928
12621900
23321856
19915785
21402133
16175199
14598023
18471864
8841762
24204670
20045122
23911140
22208749
12798093
22208746
16002381
23485481
12963011
21534542
18483770
21346631
16507471
10739049
23942310
23591698
9926429
7900719
16930706
21288560
16082945
23856469
15238281
8837681
22104336
22911061
12672735
16835057
17900557
8359955
23222555
18602205
18512242
21723585
24407475
21469664
8250060
18301175
18197308
16337987
22580621
21106193
24278170
23152752
14998757
23022394
18547604
9637797
22972857
7939608
20019912
10464073
9118914
16434098
18626909
21187793
21983396
11886098
12192223
17765308
22968351
12359186
18062855
19440508
11748032
16249796
22245161
16646443
17301251
19057714
20828823
19195649
23168330
9755145
18854873
15613666
20673660
12842768
9583414
15822761
23375554
18414630
23642677
11712590
11401755
23648447
23658810
19165393
23308401
23676263
17222443
23253938
21705041
24053974
18059427
19345645
23164678
23178894
16917829
8422050
20965803
18555743
19371612
23623595
19772715
19440494
15979144
16330356
18805568
21205581
21406337
16830529
24287467
16766021
23018201
22004949
22732215
20605211
11372886
23448553
24303039
16125695
24199934
9721255
19068802
18799442
18612325
20067849
18335110
24244482
12855910
24066143
8472665
18801888
17938745
11351525
18501952
15756864
23927933
23928037
16175197
8132384
8871328
16184078
8460625
18511103
20490623
20951435
23891580
16766016
21112612
22293416
23872387
18197307
24407474
16570221
16307784
8243423
21794921
23628589
23651836
20064246
7604395
18941479
14527849
7939591
21055738
17084882
23077797
22527003
23102111
23831799
24001412
23441227
18328530
8432263
18064946
18633329
21669324
24333991
16169058
12040920
10720731
7755016
24303053
16675427
21114123
18633330
23523855
7685926
19576276
19440505
8781391
8352290
17107862
19042005
19041679
23538941
12727597
24066858
19926116
18335100
8016640
16759976
16007116
22107988
18074277
21450328
18977171
20033793
16844191
18303005
23912641
16140620
16835070
23689097
18937964
23064896
18853800
21810554
16205787
23500394
21830067
18459150
16393667
18946779
15894661
23410865
16509308
16440511
11821327
18188079
19105996
16332407
16116245
18162439
16675438
12919720
23506043
21075419
23149184
22438911
9118884
20843742
23694900
21106228
18294394
18467319
17569243
18197298
23441348
24125920
23549402
16600329
20981567
19440500
18789824
18651579
23571136
12494419
12460796
23543600
8178122
24317159
20435107
9799187
7992035
22082993
21696827
23685364
19241244
23484930
15567873
22044926
21617966
22158669
8821356
17023026
18809211
18807823
22182702
8237983
14501275
12191891
17035146
23788675
21797246
18353804
21147599
17250867
23336921
22182596
21757419
21172759
21295325
20833585
21947582
21205583
19496481
23340023
23584029
23777832
23541357
19270785
18583070
17952771
16291074
9816412
18599108
15979719
11556153
23542481
17905226
22005026
16140621
24255718
22652008
18941589
23632991
12854699
18207219
16362950
17258795
21737372
23712093
21723589
19943526
21295329
17316448
19079728
23578827
23934733
18633326
20418157
15981188
22690182
11138808
10991778
9799188
22888724
21434628
12051799
21570106
23178887
16319014
16624965
19056833
23707056
18586066
20819969
20940111
22551936
18995849
19661343
15929898
21968773
20034733
20965545
17395836
12437063
21550663
11641005
11068920
20194069
21496879
23973405
21831745
19880104
12727605
18709157
24041780
23052180
19103460
9339209
16451864
22288926
22505764
18922558
15307122
19058852
23977034
20876036
16793862
20056569
17051818
23805262
9583421
12573900
11725340
18038039
15713336
23354373
9828309
21890170
19019437
18649880
24146897
18520616
23314039
23756700
23563257
12842777
22156019
9600803
23514838
17919685
12738203
8250063
12782491
18941591
19165394
9118921
24064742
12648475
24185814
8933027
7939587
12584012
24360845
22033168
17006438
22020729
22494245
23755907
16373203
24048881
11675266
17099449
22444057
16337849
23482063
12946389
20471317
17765218
22326810
17049987
21156398
15579421
18400299
15784958
17457323
18478045
16739256
20417546
14644663
20039017
21216432
10784258
15833241
21835469
18640250
23866173
21665568
23838883
12670756
11161648
22578811
21550116
18197305
12842784
17431800
24280536
19190673
11386741
16999099
20863552
17436755
16843528
21804304
23799650
22153999
21147609
10677146
8901897
11686639
16882522
18456330
18515022
18220043
16198037
17198723
9646044
21078521
22644123
11386746
22569360
9647907
23002274
9831542
20678797
20104833
19865071
12804513
8976054
15953701
16243381
10464069
18308633
16882542
20308033
18335002
16217920
16343593
20796278
11911030
23872349
17426735
23973618
8823061
23567252
21385671
18560539
12564892
11372890
10398590
21612268
19356786
19479028
23188482
18941583
8844043
18078704
18709170
24220215
21247820
23314200
18941578
24007715
16716378
11665458
24346348
21992841
22458390
15764541
19437452
21975164
23924579
8823057
18941582
8213847
20384378
18822447
9432970
22350041
17993135
18560534
19760084
18941584
17875584
22840579
12191871
17509635
16213555
8344231
23343203
12631539
18609549
21482184
22167746
17079002
10633549
19167470
14574443
19797964
16691608
23735842
17189628
17318627
21737118
24064532
19165398
20092877
21704685
20864889
12606885
14626901
19167415
15533336
23443236
21196024
10022290
18514762
17719027
23787104
12515681
19289245
17644235
23243118
18045642
18954893
21239062
20804806
18477784
12051779
17099451
24056446
23981029
21764052
9432971
18715556
19697922
16736054
16268116
21624640
21098630
16563369
21356263
20980220
24398050
11641006
24183515
23600923
20008419
19211133
17712955
17450239
18795167
11673122
16271390
11032117
16398996
21239061
21453914
14569178
19079727
7610384
14968857
21342703
24269188
22551203
18167507
21298090
8108707
18550432
17366817
22341685
16297965
18584931
14717160
17438760
18653208
8325268
18675309
17492305
17189629
18053980
17157895
18603281
21878987
23811102
18368012
18629312
15533337
23495760
11748038
12742403
10635601
17035143
16955091
18213641
21784505
23777785
10433843
22046388
23246700
11871394
22914762
22935766
12697572
17107857
11665457
23159200
9531098
9105795
23980546
23134768
21749963
21620474
23280679
11665459
11515252
12963010
23952055
18804258
24062297
21316080
23232971
22820015
19897226
23807177
22277880
23321855
15120196
21889907
21474162
22858413
7998589
19534157
19440491
12602628
23228866
10092428
23290489
16393652
16837022
9831544
21571030
22014275
17450238
17716707
11351711
11833294
23786264
11411330
19539348
22392613
22197023
22323045
16882541
23657737
16872899
16966101
14569179
22047617
23340115
17384779
21233055
9452415
11411145
15471732
16451867
21732633
22673531
17450230
16451865
23092716
21601844
23182147
24041735
21378128
19654913
22894940
21075414
8907234
10901329
22542201
12768617
23141556
23715082
24374175
12631537
18343878
21968335
19270786
21915604
21503799
24377449
17589595
18270999
16289695
23894497
18406443
12842765
23151244
20116831
20824332
7716500
12699926
18365760
11725341
23917442
19479026
19383886
20923743
21362590
11882473
20386915
19942255
14559763
14559764
23552363
19182745
23890683
22153878
21399501
22902999
19427024
17222442
15929903
11871129
21208641
7601075
23222207
7556015
20696425
23737372
23499220
16487576
23528234
18941575
20197795
20811286
11346043
22705504
21744851
16831413
14615232
23911139
20049208
18207220
11683591
17897640
21272909
23978672
21397224
16740296
18441830
24086549
21069282
15860277
12963396
21272914
18234338
12676630
11846163
16393659
23759330
21997443
21605854
18295196
15729838
15166210
18649879
23036451
24076625
19593409
23816781
11347947
22236634
21524797
21724231
11257063
21984658
15551391
9525537
11148011
20384381
21968333
17081593
21207933
23838187
23461894
17655840
8871329
14532314
9118923
19692727
10903611
11561358
21944197
23141434
17492658
22794303
17164464
20237498
16451852
23777813
19165399
12191888
23122770
17915210
23234290
19142738
24332576
22883023
14571510
18939594
22634551
18227099
17185284
20598732
19046769
19449765
20377243
21992842
20010608
23221880
16192068
23291998
18420330
18414640
16352302
18626911
18790516
21425792
16288316
10414795
10507145
10430235
18593748
23201591
21862444
16029873
21915070
16765419
19535125
22197412
23332876
9515067
17878924
9381483
18470301
12963401
15261781
8073264
24227452
21330232
17431478
14698928
23220388
22739065
10464071
16521954
11748034
20193710
18694597
20441147
20407476
14594364
9435149
22001330
20455569
20573126
21206367
23676262
22209251
23838057
19079711
9554605
22119232
19121362
21424392
15805045
23098827
22588218
18523458
19914681
16524616
23890969
19685096
19555962
17938729
17609298
18589988
12568762
21436733
9600805
19270804
20813655
17367846
18665198
14501266
17030383
23920476
11101546
17384771
9118929
17822133
24411571
24055026
23280289
22280929
18768207
17166563
11642440
19217641
23532195
11669262
9118924
17222449
23255315
17921400
20701280
18506207
22920860
18054905
21970945
23618889
21093366
12854689
18675410
15121521
17431481
23665743
23872247
23906849
18707752
23739093
8317443
22682542
24012248
21890171
21939283
21575990
12768607
17958503
20028434
18091005
11097793
18288323
23052037
8747019
18656858
22871374
21473393
18284147
16735138
9593622
18045587
18842289
21255843
22044583
16289286
19167075
20406721
11161650
8901886
23890968
9729752
14644673
22684811
16171795
21105700
22677769
18440588
14527837
16103627
11266320
9514043
20132080
21835726
21167481
17237965
19270801
17258193
19433098
21131048
20041762
18795155
16902371
21215988
18714438
12738200
18323107
19064650
9563687
16519413
22055311
15992859
20100624
24007738
22177528
18550430
8841763
22208951
21138777
23890994
24270398
19945736
24036326
22341486
20923742
17365607
12047070
17572151
18300713
16091288
21516040
23843995
11712603
22322881
23357926
23127601
17804034
16521956
23375552
12573906
24316210
8143653
16214926
22885666
9504279
19750109
15743725
18709164
23425894
8108706
19419750
12553175
21684538
18407315
20880590
24380957
14594628
20064652
21429484
9828311
16122780
22592844
20449220
23735463
12493189
24342361
24368294
17481731
16683629
23409981
20923745
15289169
20960595
18762292
21616713
21339818
19270787
17169410
23113987
19153109
8978513
23619091
19152164
22419376
19337526
9394482
22565598
18398446
21724522
20027167
9703477
9118886
17351293
19833149
20071009
18470320
22763040
24007618
18470300
21880346
21348481
8472661
18288320
22062584
21601188
11713005
24086422
19049859
23685825
21458024
8472667
21696802
21277575
12782494
18790476
9760474
18006900
9504283
9481429
17185286
17321208
16549105
11695626
17381114
19165386
10511267
18640725
16987543
19337522
19228383
22004731
17717620
16114499
22698788
17712958
19682779
21864838
17292448
19590698
15704724
9831540
21062687
22892809
12630474
23340120
18706543
22245594
18692183
23312496
23518385
21534594
17562201
20049123
23919519
21030064
9518474
21407091
12859026
23819750
21062688
23921365
23676282
22732598
19479027
12515680
19479274
23450785
18304716
22208754
11883757
16890218
19015201
22910003
23060367
23204292
21333327
14527847
10964793
14506344
22607713
22796563
17716732
22056334
21768054
21872294
9435151
22760441
12449328
20947858
24380925
11351731
24380973
17974249
23894558
22119029
20183195
20390220
22983610
23397644
18045586
21875657
23562927
12117651
12359185
11748036
23138018
16081062
12855912
19744713
24270302
23357863
12389787
23769186
24192661
9647899
16061286
16882540
24176411
19079710
23774576
14594621
20529766
22484218
11552299
19863067
17522137
19429237
21807364
22906860
20797930
8703183
17439919
21907978
17497416
14594359
18754483
21470682
23052368
23384584
23273373
11246581
23309686
20673686
9828314
22626473
23416250
16020099
21813324
24189199
18814872
21059472
16169054
22617721
7874463
16755267
19452874
8833775
23717615
21269658
21030866
21421449
9787852
15951670
19057711
12749816
17574648
15864631
19588078
18414642
23250195
11445512
23429043
22351104
23333513
9118883
18762291
23823697
23520856
22809777
19743756
15261779
23384708
21847144
22078547
19070886
10856188
18834613
18313659
8484360
16442144
22142904
12505431
23506475
7620851
23962452
16182859
16015278
22835869
23474103
12762077
19349061
16403420
9799191
20471065
18243277
22206735
23623597
17109919
16860454
23270838
21940210
19165392
23895296
20003103
17936337
8243412
22692365
24076993
23500409
19922910
19533624
21507459
10544161
23249813
22929296
7481741
23178763
20704229
12963400
8920740
11771929
17366836
23618890
24268366
16202128
23462847
18754394
16897533
24357268
15762551
16736058
17560068
12553178
22197707
17891506
21335318
18790515
17608200
21632110
20214082
8272839
21245016
24221959
23227484
8319665
15364592
23665672
17107853
21763388
19068854
12691710
17014909
23860400
17910978
18789823
8834861
18834614
22959329
16053205