11836256
12046072
12136428
12171898
12219015
12220727
12230501
12234411
12370286
12373308
12383904
12452332
12452772
12478469
12487440
12489114
12507935
12531010
12581481
12588700
12607798
12625783
12636098
12636105
12659514
12685860
12865633
1295440
1363346
1378293
1419623
1459429
1473227
1486841
14983378
1516065
1614357
18763061
19770690
19923925
19963135
20031246
20056578
20070897
20145304
20154721
20204363
20225150
20303770
20393017
20432174
20541562
20572576
20587979
20588279
20594311
20639624
20681796
20686220
20706593
20707650
20809980
20824135
20880961
20881612
20954073
20964820
20978325
21074696
21108794
21166888
21198260
21268915
21358296
21685713
21744173
22093616
22120717
22134754
22161874
22179576
22209867
22251703
22266866
22272768
22422053
22465023
22489696
22508045
22525723
22530035
22552284
22554671
22575896
22583549
22593574
22615145
22665055
22707954
22710026
22765880
22773560
22827734
22832986
22835868
22837015
22840369
22842668
22863195
22883469
22895184
22895699
22919057
22921063
22933705
22934133
22962263
22963683
22964484
22981203
22988493
22992812
22999863
23008335
23013101
23022267
23023480
23026853
23029447
23047605
23056300
23085979
23089335
23091439
23116564
23124652
23127529
23127558
23128449
23135775
23144724
23149922
23151137
23152079
23199656
23201449
23221383
23229497
23239191
23243309
23245650
23247530
23255942
23255946
23263278
23264463
23266715
23271983
23272224
23274058
23275339
23280485
23287468
23292493
23339698
23405783
23431290
23458731
23464460
23667739
23816712
23948918
24121491
24280290
24316222
19720422
20016540
20092964
20098673
20133803
20923189
21166739
21180766
