11724768
11773160
11774243
11781072
11791181
11802212
11812999
11830522
11850815
11857086
11857413
11877436
11888853
11896073
11901535
11912168
11914273
11914642
11927016
11929636
11929832
11936957
11953889
11976323
11978176
11980654
11980715
11986236
12000222
12006491
12011225
12031683
12060611
12065682
12069691
12082612
12084030
12097282
12101184
12112320
12115477
12124174
12140138
12142967
12151349
12161501
12181065
12183074
12191570
12192110
12195297
12202919
12203111
12204665
12208764
12209878
12217878
12218188
12220644
12227504
12235244
12239604
12296652
12355140
12357429
12359748
12359757
12366810
12368953
12370496
12370807
12370834
12375734
12376465
12385002
12386826
12387751
12392158
12393629
12399129
12408370
12409831
12411706
12417599
12417717
12420217
12420227
12429650
12429974
12430006
12431980
12435633
12438278
12439605
12439909
12441195
12441346
12444543
12444953
12445208
12446006
12452049
12453272
12453409
12457038
12458342
12460794
12461298
12463595
12466123
12467216
12468598
12470592
12473065
12473681
12474059
12475992
12479268
12479700
12481036
12481425
12482245
12483647
12484029
12484548
12486015
12489119
12490541
12494889
12494891
12495475
12495478
12498392
12499255
12500660
12502710
12504222
12505357
12508543
12508545
12508658
12509233
12509260
12509275
12509276
12509290
12511053
12513759
12513808
12518062
12521324
12522551
12528894
12529992
12530056
12530060
12530607
12531020
12533046
12533744
12536237
12536240
12541019
12548019
12549857
12553004
12553047
12553062
12553372
12554766
12556337
12556342
12561326
12572356
12577104
12599421
12611083
12622418
12626418
12632256
12634122
12635657
12641820
12643444
12643451
12647634
12650706
12658805
12660017
12664615
12665307
12674376
12683217
12697993
12699839
12718607
12725487
12734068
1280402
1280703
1281386
12814189
12815293
1281554
1282003
12831059
1284834
12850814
12882352
1288288
12889855
12903118
12906318
1294409
1295379
1306527
1312308
1312623
1312701
1313584
1318401
1318961
1319408
1328588
1336179
1337602
1337999
1338304
1354082
1354348
1355514
1358983
1361306
1365325
1371284
1373558
1373811
1385453
1394185
1394204
1394217
1395091
1423296
1423313
1423885
1429875
1431095
1433571
1434651
1435691
1444225
1445491
1447315
1447316
1450637
1451050
1451349
1457339
1457353
1457364
1457579
14578017
1458468
1458471
1458472
1458479
1459734
1459995
1460013
14607726
1463095
1463101
1464591
1464626
1467515
1469065
1471764
1472035
1472078
1478710
1480469
1483262
1483264
1485542
1486863
1494354
15055260
15119525
15195125
15195129
1524003
1536007
1559229
1572394
1576706
1577279
1582420
16078444
1612500
1622628
1639009
1639539
17298156
1741385
17585441
17590955
18944142
19003113
19308738
19543830
19590824
19737566
19744468
19802014
19815061
19832839
19840828
19853600
19895865
19913046
19950199
19960020
19966861
20000475
20008136
20018866
20026743
20042714
20043298
20043883
20074151
20080744
20080835
20099325
20100866
20103683
20107609
20107790
20107801
20110356
20111042
20113375
20118229
20118983
20123696
20126263
20133848
20138826
20140245
20144215
20150366
20154149
20156803
20160076
20167975
20179302
20185912
20187579
20190398
20190402
20190804
20197645
20199942
20200432
20200484
20205716
20205718
20205737
20208138
20208355
20211058
20215500
20217555
20219441
20223135
20223349
20223503
20223881
20234124
20237987
20299756
20300433
20303211
20303261
20308543
20331620
20332242
20332618
20333679
20334580
20336777
20339477
20339958
20347380
20349282
20350779
20352345
20353033
20354164
20355335
20356387
20357441
20358470
20360922
20363723
20363913
20364579
20368693
20372058
20378992
20380798
20385015
20389038
20389043
20391138
20398056
20398195
20414008
20419261
20422865
20423312
20426969
20429312
20448413
20450762
20464641
20471162
20482528
20483759
20487216
20494629
20497549
20507318
20511723
20514026
20519932
20522955
20525204
20525379
20530580
20539003
20540983
20550888
20559452
20564218
20569502
20571235
20574919
20574924
20574925
20574928
20580968
20583210
20593709
20593913
20619277
20632815
20635689
20658731
20664062
20664182
20681405
20682066
20683149
20686221
20686229
20694196
20696059
20699632
20714087
20714148
20720310
20734923
20798497
20809206
20810208
20812004
20812283
20819511
20823571
20839428
20851879
20852630
20856226
20863366
20876800
20882892
20922140
20925001
20926896
20927103
20927195
20930550
20936128
20945273
20947717
20952396
20959490
20965410
20975318
21030559
21030797
21035309
21039035
21040752
21042532
21044925
21045259
21049082
21057538
21058190
21058195
21062926
21062974
21063098
21071263
21075102
21076414
21082277
21086092
21087507
21097672
21098263
21098705
21112394
21112773
21116096
21116101
21118556
21118808
21132012
21134984
21136273
21137066
21141739
21147860
21152038
21159663
21170084
21178304
21187506
21188144
21189165
21190990
21195136
21198292
21203423
21220911
21290343
21318160
21338203
21412013
21462328
21480565
21503892
21553290
21557329
21569197
21604273
21606077
21637621
21658718
21765468
21779449
21780103
21816206
21850397
21893193
21917986
21921941
21940234
21947232
21947619
21956158
21975289
21994129
22005915
22006184
22014978
22019117
22025280
22036841
22044563
22048816
22050423
22053106
22075705
22076588
22083956
22086203
22086824
22108827
22113614
22123295
22123926
22124152
22139427
22146344
22150625
22159410
22170031
22184067
22189713
22197802
22201685
22209778
22212815
22213200
22213475
22214381
22226043
22232214
22237206
22239943
22245120
22249246
22252523
22262543
22264240
22264786
22268560
22269172
22270933
22273805
22275356
22276155
22277962
22278384
22279137
22280301
22284893
22285130
22293713
22307313
22313602
22314150
22315058
22317976
22320183
22322523
22322981
22328083
22328714
22333588
22334577
22336911
22341523
22347418
22347511
22351035
22355784
22356938
22357207
22357967
22357969
22362593
22366308
22377215
22383522
22384099
22384180
22393334
22395432
22398780
22399488
22401348
22402744
22404783
22407299
22408395
22410783
22411092
22415601
22421439
22427682
22431001
22431524
22432918
22438805
22442157
22449386
22454142
22460537
22468171
22470124
22476443
22479563
22481237
22484220
22484629
22489823
22496613
22497777
22498846
22499048
22505206
22507866
22510844
22511934
22513871
22520577
22525268
22526680
22530037
22539965
22541785
22543972
22550599
22551455
22554618
22554915
22561333
22561404
22562468
22563920
22572398
22572935
22575613
22576685
22577350
22580046
22589534
22589544
22589701
22590627
22592527
22593586
22605917
22615794
22618884
22619121
22619591
22623369
22628558
22629318
22631638
22634208
22634383
22639908
22648972
22652558
22664794
22668016
22675506
22677490
22677774
22677908
22685175
22687754
22687991
22689530
22689960
22694344
22705496
22707516
22708527
22710435
22710713
22715397
22715852
22718351
22722460
22722849
22722938
22728903
22733972
22747101
22747691
22748151
22753494
22760862
22761813
22765922
22766398
22766785
22767230
22768028
22768064
22768919
22769410
22771922
22773735
22773809
22776508
22776956
22776959
22777894
22778016
22778405
22778799
22784709
22788692
22788839
22791146
22793782
22794249
22797777
22800606
22802136
22803408
22806877
22813866
22814258
22814321
22815530
22815822
22819936
22821546
22825251
22825327
22825683
22825757
22828070
22828727
22832494
22835516
22838389
22841394
22842522
22842569
22843497
22843550
22844353
22844446
22844452
22846113
22847613
22848674
22848758
22850678
22850877
22851016
22851646
22851716
22853953
22857264
22858678
22858906
22859269
22859959
22868436
22871786
22874652
22874668
22876119
22876288
22877927
22880064
22889480
22891289
22891768
22893470
22895557
22895682
22898872
22899815
22899882
22901140
22902837
22903612
22903739
22906093
22909360
22911891
22913657
22916133
22918942
22920668
22920688
22921746
22922798
22922989
22923588
22926658
22927549
22928441
22929189
22933598
22934253
22934451
22934693
22935429
22935614
22935696
22936719
22936771
22937135
22937180
22939316
22939634
22940742
22941038
22941289
22941331
22944376
22945332
22947917
22948721
22951839
22952573
22952881
22952903
22953701
22954700
22956286
22956747
22957140
22958892
22962287
22968518
22969849
22969901
22970173
22970226
22971811
22973555
22974233
22980794
22981962
22982677
22983392
22984881
22987071
22990615
22991213
22992618
22992831
22995475
22997883
23002206
23002344
23007558
23023137
23023561
23024612
23028051
23028344
23028579
23028886
23029205
23029264
23029387
23030360
23033490
23038007
23039130
23041550
23043075
23043761
23045683
23045694
23047035
23047602
23054118
23055201
23056314
23063526
23064360
23069658
23069871
23070273
23070475
23081697
23082676
23083134
23083876
23089469
23091651
23091717
23092099
23092556
23092936
23094058
23098072
23098476
23099063
23100610
23104055
23108138
23108141
23109338
23110475
23115482
23116821
23117049
23119062
23123564
23123725
23124112
23125221
23126278
23128395
23128605
23129611
23132676
23132791
23132960
23135359
23135783
23136839
23139719
23139858
23140147
23142523
23143036
23143110
23143272
23143302
23143679
23144496
23144626
23145148
23145312
23147699
23149547
23149912
23151908
23152853
23155249
23157741
23157744
23159001
23160380
23160493
23160694
23161498
23161852
23166757
23167349
23167379
23168260
23168408
23168911
23169272
23170250
23172421
23172666
23174185
23174591
23174717
23175176
23177934
23178880
23178942
23178952
23180246
23180767
23181114
23182854
23182879
23183175
23184390
23185620
23185784
23187803
23190890
23196876
23198967
23200933
23203444
23207622
23208435
23209807
23210792
23212913
23213352
23217706
23219535
23219618
23220211
23220513
23221036
23221387
23223128
23223340
23226335
23226467
23226513
23226527
23226724
23227181
23229021
23229340
23230145
23231648
23231968
23232078
23232401
23233419
23234503
23235164
23236487
23238519
23241743
23242121
23242420
23242809
23244088
23244773
23246483
23248097
23248265
23248303
23249693
23249808
23249948
23250823
23250910
23251295
23251575
23254198
23254288
23255113
23255119
23255470
23255611
23255891
23255914
23255939
23255952
23257665
23257779
23257893
23257894
23258707
23259597
23261429
23261524
23261678
23263160
23263186
23264205
23264221
23264393
23264851
23264894
23266321
23266739
23266941
23266955
23267883
23268075
23268564
23268707
23268708
23270461
23270478
23270728
23270833
23270927
23271397
23271730
23271806
23272057
23272087
23272139
23273920
23273978
23273983
23274086
23274302
23274497
23274516
23274518
23274568
23274857
23274876
23275006
23275086
23275151
23275152
23276383
23276457
23277201
23278137
23280101
23280316
23280549
23280601
23281476
23284640
23284663
23284890
23285165
23285263
23285288
23285698
23286398
23287532
23289018
23289480
23291718
23291974
23292149
23292685
23294923
23298485
23300534
23300545
23300567
23300602
23300633
23300791
23300882
23300887
23304558
23317208
23317259
23317266
23320038
23320127
23320197
23321169
23327050
23342249
23346016
23350354
23359693
23359979
23364257
23379414
23386005
23394443
23420486
23422737
23429262
23435856
23482850
23484085
23522254
23542175
23543859
23565596
23587231
23648393
23716868
23758735
23772373
23772374
23798001
23825998
23920275
23922328
23928665
23949920
23954413
24009839
24009843
24022637
24068038
24100035
24112101
24142698
24148623
24158109
24164383
24260065
24280190
24289616
24328532
24343302
24366173
24367685
24477458
20026737
20035374
20064835
20080624
20081839
20082738
20086003
20086180
20092614
20094972
20097285
20101074
20106725
20107607
20119958
20210607
20354270
20417553
20420190
20463594
20468007
20525350
20604962
20640572
20717669
20816008
20932474
20953816
20957523
21069451
21092281
21120602
21131419
21148072
21156285
21183791
21188035
21196431
21255184
